{standalone_tags: [], tag_bundles: [{layout: [], name: tag_bundles_downward}, {layout: [],
      name: RB}, {layout: [], name: CB}, {layout: [], name: LB}, {layout: [], name: LC},
    {layout: [], name: LT}, {layout: [], name: CT}, {layout: [], name: RT}, {layout: [],
      name: RC}, {layout: [{id: 1, qw: 1.0, qx: 0, qy: 0, qz: 0, size: 0.045, x: 0.09042948,
          y: 0.00156686, z: -4.067e-05}, {id: 2, qw: 1.0, qx: 0, qy: 0, qz: 0, size: 0.045,
          x: 0.17732775, y: 0.00492506, z: -0.00636257}, {id: 3, qw: 1.0, qx: 0, qy: 0,
          qz: 0, size: 0.045, x: -0.09690808, y: 0.00643589, z: -0.00219233}, {id: 4,
          qw: 1.0, qx: 0, qy: 0, qz: 0, size: 0.045, x: -0.19544911, y: 0.00664213,
          z: -0.00331683}, {id: 5, qw: 1.0, qx: 0, qy: 0, qz: 0, size: 0.045, x: 0.00045493,
          y: -0.08933963, z: -0.00023752}, {id: 6, qw: 1.0, qx: 0, qy: 0, qz: 0, size: 0.045,
          x: 0.09170423, y: -0.09246956, z: -0.00231733}, {id: 7, qw: 1.0, qx: 0,
          qy: 0, qz: 0, size: 0.045, x: 0.17809618, y: -0.08996279, z: -0.0081482},
        {id: 8, qw: 1.0, qx: 0, qy: 0, qz: 0, size: 0.045, x: -0.0969663, y: -0.09156263,
          z: -0.00136605}, {id: 9, qw: 1.0, qx: 0, qy: 0, qz: 0, size: 0.045, x: -0.19432607,
          y: -0.08651873, z: -0.00308602}, {id: 10, qw: 1.0, qx: 0, qy: 0, qz: 0,
          size: 0.045, x: -0.00075547, y: -0.17978778, z: -0.00104988}, {id: 11, qw: 1.0,
          qx: 0, qy: 0, qz: 0, size: 0.045, x: 0.09524177, y: -0.17900575, z: -0.00391433},
        {id: 12, qw: 1.0, qx: 0, qy: 0, qz: 0, size: 0.045, x: 0.17839912, y: -0.18036714,
          z: -0.01010432}, {id: 13, qw: 1.0, qx: 0, qy: 0, qz: 0, size: 0.045, x: -0.09799481,
          y: -0.17954772, z: 0.00225323}, {id: 14, qw: 1.0, qx: 0, qy: 0, qz: 0, size: 0.045,
          x: -0.1937092, y: -0.17950464, z: 0.00586529}, {id: 15, qw: 1.0, qx: 0,
          qy: 0, qz: 0, size: 0.045, x: -0.00170988, y: 0.0964707, z: -0.0013557},
        {id: 16, qw: 1.0, qx: 0, qy: 0, qz: 0, size: 0.045, x: 0.09012386, y: 0.09428038,
          z: -0.00224351}, {id: 17, qw: 1.0, qx: 0, qy: 0, qz: 0, size: 0.045, x: 0.17782635,
          y: 0.0920054, z: -0.00361062}, {id: 18, qw: 1.0, qx: 0, qy: 0, qz: 0, size: 0.045,
          x: -0.09678531, y: 0.09549101, z: -0.00212994}, {id: 19, qw: 1.0, qx: 0,
          qy: 0, qz: 0, size: 0.045, x: -0.18998922, y: 0.09895063, z: -0.0043151},
        {id: 20, qw: 1.0, qx: 0, qy: 0, qz: 0, size: 0.045, x: -0.00125334, y: 0.19613377,
          z: -0.0034218}, {id: 21, qw: 1.0, qx: 0, qy: 0, qz: 0, size: 0.045, x: 0.0840792,
          y: 0.18674884, z: 0.00552215}, {id: 22, qw: 1.0, qx: 0, qy: 0, qz: 0, size: 0.045,
          x: 0.18142927, y: 0.18953928, z: -0.01178314}, {id: 23, qw: 1.0, qx: 0,
          qy: 0, qz: 0, size: 0.045, x: -0.09860485, y: 0.19770236, z: -0.0040259},
        {id: 24, qw: 1.0, qx: 0, qy: 0, qz: 0, size: 0.045, x: -0.19264465, y: 0.20177324,
          z: -0.00805621}, {id: 0, qw: 1.0, qx: 0, qy: 0, qz: 0, size: 0.045, x: 0,
          y: 0, z: 0}], name: CC}]}
